11101000 01000000 00100000 01010000
11101010 01000000 00100000 01010100
10001010 10100101 00000000 00010101
00110000 10111111 11111111 11110100
11001010 00100000 00100000 01010000
10100010 10100100 01000000 00010010
10100010 10100100 01000000 00010010
10100010 10100100 01000000 00010010
10100010 10100100 01000000 00010010
10100010 10100100 01000000 00010010
10100010 10100100 01000000 00010010
10100010 10100100 01000000 00010010
10100010 10100100 01000000 00010010
10100010 10100100 01000000 00010010
10100010 10100100 01000000 00010010
10100010 10100100 01000000 00010010
10100010 10100100 01000000 00010010
10100010 10100100 01000000 00010010
10100010 10100100 01000000 00010010
10100010 10100100 01000000 00010010
10100010 10100100 01000000 00010010
10100010 10100100 01000000 00010010
10100010 10100100 01000000 00010010
10100010 10100100 01000000 00010010
10100010 10100100 01000000 00010010
10100010 10100100 01000000 00010010
10100010 10100100 01000000 00010010
10100010 10100100 01000000 00010010
10100010 10100100 01000000 00010010
10100010 10100100 01000000 00010010
10100010 10100100 01000000 00010010
10100010 10100100 01000000 00010010
10100010 10100100 01000000 00010010
10100010 10100100 01000000 00010010
10100010 10100100 01000000 00010010
10100010 10100100 01000000 00010010
10100010 10100100 01000000 00010010
10100010 10100100 01000000 00010010
10100010 10100100 01000000 00010010
10100010 10100100 01000000 00010010
10100010 10100100 01000000 00010010
10100010 10100100 01000000 00010010
10100010 10100100 01000000 00010010
10100010 10100100 01000000 00010010
10100010 10100100 01000000 00010010
10100010 10100100 01000000 00010010
10100010 10100100 01000000 00010010
10100010 10100100 01000000 00010010
10100010 10100100 01000000 00010010
10100010 10100100 01000000 00010010
10100010 10100100 01000000 00010010
10100010 10100100 01000000 00010010
10100010 10100100 01000000 00010010
10100010 10100100 01000000 00010010
10100010 10100100 01000000 00010010
10100010 10100100 01000000 00010010
10100010 10100100 01000000 00010010
10100010 10100100 01000000 00010010
10100010 10100100 01000000 00010010
10100010 10100100 01000000 00010010
10100010 10100100 01000000 00010010
10100010 10100100 01000000 00010010
10100010 10100100 01000000 00010010
10100010 10100100 01000000 00010010
10100010 10100100 01000000 00010010
10100010 10100100 01000000 00010010
10100010 10100100 01000000 00010010
10100010 10100100 01000000 00010010
10100010 10100100 01000000 00010010
10100010 10100100 01000000 00010010
10100010 10100100 01000000 00010010
10100010 10100100 01000000 00010010
10100010 10100100 01000000 00010010
10100010 10100100 01000000 00010010
10100010 10100100 01000000 00010010
10100010 10100100 01000000 00010010
10100010 10100100 01000000 00010010
10100010 10100100 01000000 00010010
10100010 10100100 01000000 00010010
10100010 10100100 01000000 00010010
10100010 10100100 01000000 00010010
10100010 10100100 01000000 00010010
10100010 10100100 01000000 00010010
10100010 10100100 01000000 00010010
10100010 10100100 01000000 00010010
10100010 10100100 01000000 00010010
10100010 10100100 01000000 00010010
10100010 10100100 01000000 00010010
10100010 10100100 01000000 00010010
10100010 10100100 01000000 00010010
10100010 10100100 01000000 00010010
10100010 10100100 01000000 00010010
10100010 10100100 01000000 00010010
10100010 10100100 01000000 00010010
10100010 10100100 01000000 00010010
10100010 10100100 01000000 00010010
10100010 10100100 01000000 00010010
10100010 10100100 01000000 00010010
10100010 10100100 01000000 00010010
10100010 10100100 01000000 00010010
10100010 10100100 01000000 00010010
10100010 10100100 01000000 00010010
10100010 10100100 01000000 00010010
10100010 10100100 01000000 00010010
10100010 10100100 01000000 00010010
10100010 10100100 01000000 00010010
10100010 10100100 01000000 00010010
10100010 10100100 01000000 00010010
10100010 10100100 01000000 00010010
10100010 10100100 01000000 00010010
10100010 10100100 01000000 00010010
10100010 10100100 01000000 00010010
10100010 10100100 01000000 00010010
10100010 10100100 01000000 00010010
10100010 10100100 01000000 00010010
10100010 10100100 01000000 00010010
10100010 10100100 01000000 00010010
10100010 10100100 01000000 00010010
10100010 10100100 01000000 00010010
10100010 10100100 01000000 00010010
10100010 10100100 01000000 00010010
10100010 10100100 01000000 00010010
10100010 10100100 01000000 00010010
10100010 10100100 01000000 00010010
10100010 10100100 01000000 00010010
10100010 10100100 01000000 00010010
10100010 10100100 01000000 00010010
10100010 10100100 01000000 00010010
